[gd_scene load_steps=5 format=3 uid="uid://c7akh0euqqstg"]

[ext_resource type="Script" path="res://Scenes/Environments/DebugWorld/Scripts/GridMovement.gd" id="3_5bbif"]
[ext_resource type="PackedScene" uid="uid://bm1dw1haqqhuc" path="res://Scenes/Environments/DebugWorld/GridPopulator.tscn" id="3_qc0hd"]
[ext_resource type="Texture2D" uid="uid://gmn7ufxe7b6d" path="res://Scenes/Player/Assets/PlayerChar.png" id="4_27uwr"]

[sub_resource type="Environment" id="Environment_r8gys"]
ambient_light_source = 2
ambient_light_color = Color(1, 1, 1, 1)
tonemap_mode = 1
tonemap_exposure = 0.5
sdfgi_enabled = true
sdfgi_use_occlusion = true

[node name="DebugWorld" type="Node3D"]

[node name="WorldEnvironment" type="WorldEnvironment" parent="."]
environment = SubResource("Environment_r8gys")

[node name="Node3D" type="Node3D" parent="." node_paths=PackedStringArray("currentWorld")]
transform = Transform3D(1, 0, 0, 0, 1, 0, 0, 0, 1, 0, 1, 0)
script = ExtResource("3_5bbif")
currentWorld = NodePath("../GripPopulator")

[node name="Sprite3D" type="Sprite3D" parent="Node3D"]
transform = Transform3D(1, 0, 0, 0, 0.707107, 0.707107, 0, -0.707107, 0.707107, 0, 0, 0)
pixel_size = 0.0005
texture_filter = 0
texture = ExtResource("4_27uwr")

[node name="Camera3D" type="Camera3D" parent="Node3D"]
transform = Transform3D(1, 0, 0, 0, 0.707107, 0.707107, 0, -0.707107, 0.707107, 0, 3, 3)

[node name="GripPopulator" parent="." instance=ExtResource("3_qc0hd")]

[node name="DirectionalLight3D" type="DirectionalLight3D" parent="."]
transform = Transform3D(0.454861, 0.700997, -0.549277, 0, 0.616775, 0.78714, 0.890562, -0.358039, 0.280547, 0, 0, 0)
